


-------------------------------

Support
	3638,108
	3627,108
	3625,107
	3644,103
	3614,91
	3608,89
	3636,81
	3626,80
	3621,78
	3620,78
	3637,67
	3603,67
	3647,66
	3615,65
	3632,64
	3604,64
	3619,63
	3622,62
	3605,62
	3651,59
	3631,58
	3602,58
	3646,57
	3645,53
	3634,53
	3633,52
	3612,49
	3611,49
	3618,48
	3623,45
	3624,44
	3648,42
	3606,42
	3609,40
	3639,39
	3630,38
	3650,37
	3617,36
	3616,36
	3641,35
	3628,34
	3635,32
	3601,32
	3640,31
	3629,31
	3613,29
	3610,29
	3642,26
	3652,22
	3643,18
	3649,16
	3607,4
	3833,2
	1108,2
	3839,1
	3836,1
	3817,1
	3302,1
	3813,1
	3807,1
	3542,1
	3028,1
	3533,1
	3532,1
	3524,1
	2752,1
	3007,1
	3516,1
	3510,1
	3236,1
	3215,1
	2434,1
	2426,1
	1139,1
	2408,1
	1123,1
	2136,1
	2902,1
	2114,1
	3342,1
	3338,1
	3849,1
	3336,1


-------------------------------

Opposed
	3608,56
	3648,47
	3638,42
	3647,40
	3640,40
	3650,38
	3641,37
	3645,35
	3624,34
	3651,32
	3631,32
	3620,32
	3646,31
	3615,31
	3639,30
	3628,29
	3644,28
	3642,28
	3627,28
	3623,26
	3622,25
	3612,25
	3602,24
	3637,23
	3616,23
	3609,23
	3643,22
	3625,19
	3629,18
	3635,17
	3632,17
	3605,17
	3604,17
	3649,16
	3630,16
	3621,16
	3610,16
	3603,16
	3614,15
	3601,15
	3652,14
	3636,14
	3634,14
	3617,14
	3633,11
	3619,11
	3606,11
	3611,10
	3618,8
	3626,5
	3613,4
	3839,1
	3826,1
	3546,1
	2207,1
	2427,1
	2146,1
	2143,1
	3332,1


-------------------------------

Undecided
	3608,96
	3647,80
	3623,62
	3625,61
	3651,59
	3628,57
	3615,55
	3640,53
	3639,51
	3627,51
	3641,48
	3605,48
	3646,47
	3632,47
	3620,47
	3622,46
	3648,45
	3614,45
	3638,44
	3603,43
	3602,43
	3650,40
	3631,40
	3612,38
	3634,37
	3621,37
	3606,37
	3604,37
	3645,36
	3624,36
	3652,35
	3642,35
	3637,35
	3609,35
	3644,34
	3629,33
	3619,33
	3636,29
	3611,28
	3643,26
	3635,26
	3633,26
	3617,26
	3616,24
	3610,23
	3630,22
	3618,20
	3613,17
	3649,16
	3601,15
	3626,11
	2761,2
	3336,2
	3304,1
	2018,1
	2515,1
	3538,1
	3016,1
	3524,1
	3503,1
	2709,1
	2441,1
	2434,1
	2425,1
	2415,1
	1133,1
	1127,1
	2147,1
	3931,1
	3916,1
	3907,1
	3607,1
	3858,1
	3345,1
	3856,1


-------------------------------

