 pct  | median 
------+--------
 3642 |  83130
 3639 |  76178
 3629 |  71917
 3641 |  55947
 3634 |  54678
 3622 |  50671
 3647 |  48894
 3609 |  48374
 3635 |  48359
 3646 |  44164
 3640 |  43071
 3624 |  42038
 3644 |  41435
 3615 |  41014
 3623 |  38973
 3645 |  37747
 3608 |  36876
 3630 |  33627
 3620 |  32630
 3631 |  32000
 3632 |  31878
 3602 |  31673
 3637 |  30748
 3601 |  30426
 3616 |  30299
 3633 |  29244
 3603 |  28732
 3628 |  27225
 3612 |  24825
 3625 |  23073
 3611 |  22817
 3618 |  21936
 3605 |  20824
 3604 |  20781
 3626 |  19802
 3636 |  19703
 3617 |  18161
 3607 |  16808
 3606 |  16444
 3621 |  15862
 3619 |  13218
 3638 |  11182
 3627 |  10117
 3614 |   9994
 3613 |   9994
(45 rows)

